0.00000 1.25245
0.00997 1.27737
0.01994 1.30885
0.02991 1.34390
0.03988 1.38012
0.04985 1.41558
0.05982 1.44877
0.06979 1.47853
0.07976 1.50398
0.08973 1.52447
0.09970 1.53955
0.10967 1.54890
0.11964 1.55233
0.12961 1.54972
0.13958 1.54102
0.14955 1.52623
0.15952 1.50533
0.16948 1.47837
0.17945 1.44534
0.18942 1.40625
0.19939 1.36110
0.20936 1.30985
0.21933 1.25243
0.22930 1.18878
0.23927 1.11877
0.24924 1.04228
0.25921 0.95916
0.26918 0.86923
0.27915 0.77229
0.28912 0.66814
0.29909 0.55654
0.30906 0.43727
0.31903 0.31007
0.32900 0.17471
0.33897 0.03093
0.34894 -0.12153
0.35891 -0.28292
0.36888 -0.45348
0.37885 -0.63347
0.38882 -0.82313
0.39879 -1.02271
0.40876 -1.23244
0.41873 -1.45256
0.42870 -1.68329
0.43867 -1.92488
0.44864 -2.17754
0.45861 -2.44152
0.46858 -2.71704
0.47855 -3.00435
0.48852 -3.30369
0.49848 -3.61530
0.50845 -3.93946
0.51842 -4.27644
0.52839 -4.62652
0.53836 -4.99001
0.54833 -5.36722
0.55830 -5.75849
0.56827 -6.16416
0.57824 -6.58462
0.58821 -7.02023
0.59818 -7.47142
0.60815 -7.93859
0.61812 -8.42220
0.62809 -8.92268
0.63806 -9.44052
0.64803 -9.97618
0.65800 -10.53016
0.66797 -11.10295
0.67794 -11.69506
0.68791 -12.30697
0.69788 -12.93920
0.70785 -13.59225
0.71782 -14.26660
0.72779 -14.96276
0.73776 -15.68120
0.74773 -16.42241
0.75770 -17.18685
0.76767 -17.97498
0.77764 -18.78729
0.78761 -19.62423
0.79758 -20.48628
0.80755 -21.37396
0.81751 -22.28780
0.82748 -23.22838
0.83745 -24.19636
0.84742 -25.19247
0.85739 -26.21757
0.86736 -27.27266
0.87733 -28.35891
0.88730 -29.47773
0.89727 -30.63080
0.90724 -31.82012
0.91721 -33.04807
0.92718 -34.31749
0.93715 -35.63178
0.94712 -36.99493
0.95709 -38.41168
0.96706 -39.88758
0.97703 -41.42915
0.98700 -43.04400
0.99697 -44.74095
