0.00000 6.44383
0.01000 6.39555
0.01999 6.34369
0.02999 6.28836
0.03999 6.22963
0.04998 6.16761
0.05998 6.10236
0.06997 6.03397
0.07997 5.96253
0.08997 5.88810
0.09996 5.81077
0.10996 5.73063
0.11996 5.64775
0.12995 5.56223
0.13995 5.47414
0.14995 5.38359
0.15994 5.29067
0.16994 5.19547
0.17994 5.09810
0.18993 4.99867
0.19993 4.89729
0.20992 4.79407
0.21992 4.68913
0.22992 4.58260
0.23991 4.47460
0.24991 4.36528
0.25991 4.25477
0.26990 4.14322
0.27990 4.03078
0.28990 3.91761
0.29989 3.80386
0.30989 3.68971
0.31988 3.57533
0.32988 3.46091
0.33988 3.34663
0.34987 3.23269
0.35987 3.11929
0.36987 3.00663
0.37986 2.89494
0.38986 2.78444
0.39986 2.67536
0.40985 2.56793
0.41985 2.46242
0.42984 2.35906
0.43984 2.25814
0.44984 2.15992
0.45983 2.06468
0.46983 1.97273
0.47983 1.88435
0.48982 1.79987
0.49982 1.71960
0.50982 1.64388
0.51981 1.57304
0.52981 1.50744
0.53981 1.44744
0.54980 1.39342
0.55980 1.34575
0.56979 1.30482
0.57979 1.27105
0.58979 1.24485
0.59978 1.22664
0.60978 1.21685
0.61978 1.21593
0.62977 1.22434
0.63977 1.24254
0.64977 1.27100
0.65976 1.31022
0.66976 1.36067
0.67975 1.42286
0.68975 1.49731
0.69975 1.58453
0.70974 1.68505
0.71974 1.79940
0.72974 1.92812
0.73973 2.07175
0.74973 2.23086
0.75973 2.40599
0.76972 2.59772
0.77972 2.80660
0.78971 3.03322
0.79971 3.27814
0.80971 3.54195
0.81970 3.82522
0.82970 4.12854
0.83970 4.45250
0.84969 4.79767
0.85969 5.16465
0.86969 5.55402
0.87968 5.96638
0.88968 6.40230
0.89968 6.86238
0.90967 7.34721
0.91967 7.85737
0.92966 8.39346
0.93966 8.95607
0.94966 9.54577
0.95965 10.16318
0.96965 10.80888
0.97965 11.48348
0.98964 12.18757
0.99964 12.92177
